41 19 4 75 21 40 96 79 62 78 13 97 59 36 57 94 29 39 67 12 
40 54 97 32 86 13 23 64 8 40 29 37 21 41 34 63 78 26 44 48 
33 25 92 79 98 98 47 28 7 7 78 0 50 30 51 46 94 22 46 89 
58 54 17 76 87 92 0 18 78 22 11 42 96 70 83 67 70 52 32 20 
38 17 15 27 47 57 51 53 12 19 56 42 46 76 55 76 34 33 96 31 
4 50 34 37 34 1 89 23 81 57 83 57 87 51 96 82 83 94 14 5 
27 92 47 86 48 53 29 2 59 27 90 58 53 8 55 80 16 94 51 79 
41 2 83 50 60 72 49 93 36 2 80 65 64 96 4 71 27 18 58 29 
27 1 64 9 63 42 43 14 12 8 19 11 35 4 61 31 69 32 79 52 
66 20 12 33 46 43 3 0 45 54 89 26 67 73 27 20 43 94 79 69 
48 19 18 29 88 65 58 66 79 22 23 15 63 70 94 94 51 90 29 26 
47 22 88 91 31 75 13 42 55 35 96 86 13 57 50 50 40 12 58 85 
45 18 15 28 32 44 24 88 6 33 50 13 84 36 63 23 16 78 98 20 
81 76 93 66 34 3 84 40 89 8 7 82 70 29 76 24 21 28 98 4 
94 45 23 33 41 73 72 25 34 2 73 97 39 62 27 76 65 70 27 24 
81 15 11 85 83 43 70 58 23 13 40 6 74 98 86 68 4 62 10 93 
62 60 54 73 37 98 41 31 19 74 65 58 45 66 95 52 33 29 65 84 
74 57 12 97 30 59 85 56 70 11 80 30 0 3 48 98 5 48 27 35 
66 94 3 42 32 57 29 45 44 16 46 83 76 5 65 85 80 87 40 3 
76 72 77 38 34 51 7 1 0 61 67 62 7 28 70 84 61 24 73 5 
