71 68 43 82 42 61 26 55 73 74 43 23 61 54 71 88 0 1 0 49 
98 95 88 24 58 33 29 62 15 84 27 98 80 55 21 68 29 95 0 98 
55 51 20 15 39 36 55 5 96 32 84 5 39 24 10 19 91 86 93 78 
68 87 25 6 91 83 32 83 83 64 81 84 3 17 30 42 24 83 78 14 
49 2 13 94 37 23 85 15 73 73 55 40 65 9 25 98 23 1 10 6 
93 90 12 16 29 0 32 99 12 60 6 20 24 50 20 9 41 56 23 3 
42 23 98 13 4 73 23 59 71 6 89 21 83 77 73 1 37 46 57 45 
58 52 47 2 53 67 95 15 82 51 27 50 86 48 26 94 72 78 78 93 
69 6 38 32 7 35 80 76 68 24 75 13 95 82 89 71 95 98 94 91 
89 1 72 4 20 97 48 4 19 84 8 43 46 71 43 49 57 22 47 80 
54 19 78 16 41 84 67 13 72 22 93 30 30 81 43 12 31 32 4 8 
78 71 83 76 10 75 19 42 63 35 67 36 74 93 95 7 93 36 77 13 
37 11 77 72 65 15 31 80 70 40 10 12 12 8 76 22 85 70 61 90 
66 63 55 10 97 50 77 61 95 59 32 70 80 37 78 30 77 24 43 51 
7 60 36 43 81 76 14 43 84 91 28 19 36 9 95 6 31 54 19 0 
23 85 26 19 37 98 42 31 45 12 27 87 62 32 44 4 12 32 61 81 
25 20 89 69 79 51 76 77 18 98 16 82 64 28 63 67 93 23 24 35 
53 29 81 63 19 57 37 25 20 70 73 11 80 98 11 54 2 62 79 91 
16 51 36 39 84 94 97 43 6 80 75 3 90 79 40 9 76 96 98 99 
40 11 74 26 25 49 88 93 6 71 75 86 72 15 34 48 86 10 68 9 
