37 90 53 52 14 24 39 93 43 77 27 52 82 42 64 43 35 49 2 92 
16 8 70 38 82 75 92 67 5 67 25 15 20 15 16 13 21 99 93 37 
63 12 28 9 31 50 89 98 7 97 49 21 31 88 37 59 82 74 20 97 
64 76 86 4 70 89 89 82 52 30 3 0 89 16 45 4 17 70 36 29 
46 18 63 13 65 47 18 69 88 39 97 10 82 89 16 42 87 7 24 84 
84 24 5 4 71 18 62 59 42 6 43 77 3 16 15 13 17 86 7 19 
53 90 0 62 16 52 94 13 62 75 60 5 35 93 46 63 77 75 97 60 
18 4 78 8 49 95 0 60 27 50 94 47 13 6 94 74 72 41 69 42 
14 79 21 46 39 95 29 61 57 94 0 20 46 3 99 45 81 94 65 12 
13 50 82 52 19 24 79 77 12 17 52 72 52 15 76 42 95 52 10 13 
82 59 86 92 13 39 44 69 13 74 4 11 7 48 88 54 39 16 25 99 
41 0 3 42 45 14 96 49 12 98 34 25 58 59 13 82 80 79 56 24 
29 86 49 70 55 91 5 54 49 87 88 95 67 52 80 83 51 14 67 63 
59 16 67 88 35 99 88 29 15 25 6 58 30 66 85 98 11 95 20 25 
3 6 62 53 22 98 32 48 42 95 12 12 51 58 95 54 9 41 10 38 
24 64 23 66 93 31 59 63 86 75 64 10 58 21 1 72 59 2 11 52 
68 11 56 15 19 61 82 14 45 35 88 23 60 81 88 48 43 2 64 50 
20 59 1 23 66 50 16 99 11 97 85 98 49 36 33 11 99 44 29 97 
10 70 45 49 54 76 0 54 0 58 16 80 96 67 65 83 96 71 13 11 
61 80 41 30 97 86 52 8 99 78 68 99 7 77 52 20 15 30 34 6 
