99 6 36 22 56 28 56 5 89 45 58 64 90 49 3 95 18 91 57 62 
6 49 44 34 41 99 3 98 17 59 0 1 6 74 4 39 27 98 83 79 
12 44 1 89 2 47 59 20 9 4 43 13 10 8 34 8 97 17 99 80 
64 45 68 60 88 36 88 4 27 39 66 46 35 83 64 83 21 59 34 14 
38 20 44 65 19 16 88 57 46 83 33 93 34 30 88 89 75 39 47 44 
6 43 80 82 51 64 40 72 56 23 52 82 73 45 39 65 75 71 3 31 
78 76 85 15 92 98 35 19 80 59 23 40 34 84 65 21 96 26 77 79 
52 11 95 66 31 78 74 71 43 98 23 78 42 7 78 11 41 20 54 45 
11 26 83 14 18 17 76 25 76 90 0 36 45 65 25 99 39 84 30 18 
77 1 98 97 49 16 28 67 89 35 85 16 52 81 41 92 80 91 16 59 
30 34 11 20 45 37 33 30 94 59 87 18 78 65 87 0 62 58 1 98 
14 96 54 54 50 57 71 39 4 4 8 73 41 42 37 24 34 44 43 40 
16 60 15 11 81 96 86 90 61 96 63 85 43 39 55 16 84 36 7 67 
72 61 41 9 41 67 36 49 68 32 92 84 90 39 19 66 38 66 51 42 
56 96 4 5 94 52 4 13 75 24 28 40 83 49 36 79 18 0 32 58 
52 53 10 21 52 33 71 29 23 13 90 12 77 3 27 69 26 36 17 60 
69 85 79 91 29 36 49 71 94 55 58 47 1 17 41 85 37 34 51 35 
4 18 26 13 91 25 7 19 0 6 53 78 1 88 63 40 96 5 81 95 
57 49 35 71 20 5 8 75 53 61 76 96 33 55 11 44 85 60 18 52 
97 60 30 8 44 48 87 29 15 94 38 32 44 87 7 65 79 64 56 92 
