26 86 38 81 46 40 6 3 79 2 72 39 93 82 53 64 19 99 39 30 
69 94 13 84 81 71 79 11 8 29 89 93 64 82 32 50 45 41 60 1 
64 86 3 96 97 68 86 27 60 0 2 95 86 67 39 43 46 22 60 25 
79 46 48 21 63 38 2 60 50 82 7 8 88 92 83 69 77 31 6 88 
85 28 38 99 3 85 70 52 53 96 23 15 99 28 0 89 80 39 60 62 
38 36 37 86 39 20 81 41 1 76 74 91 78 53 17 54 86 4 18 38 
33 64 83 41 48 99 70 37 18 69 45 79 34 9 39 70 78 82 84 95 
92 33 35 73 18 38 1 55 88 95 31 97 15 74 59 77 16 6 98 62 
39 16 69 11 57 36 68 46 73 62 11 3 41 9 37 50 59 84 19 12 
11 80 2 44 49 78 2 73 64 7 92 56 69 86 81 66 80 73 5 23 
89 20 20 24 35 49 17 21 39 8 25 68 77 59 8 57 96 62 36 17 
64 45 98 57 4 24 97 18 81 53 87 72 62 33 41 20 79 89 44 50 
72 4 98 21 98 73 47 1 7 81 87 64 20 77 18 70 21 89 52 15 
19 5 37 80 50 61 46 95 12 5 98 89 54 42 78 73 6 95 50 97 
59 20 5 35 49 60 7 11 81 9 10 81 69 61 82 69 71 78 78 48 
18 52 39 42 57 26 58 15 62 22 2 3 90 54 90 15 90 69 40 69 
27 86 41 44 27 19 99 89 14 44 20 60 65 22 90 17 67 16 97 66 
99 46 49 10 13 51 92 31 92 64 64 42 34 78 72 58 57 37 52 22 
96 74 63 7 98 70 94 70 60 98 69 56 9 45 0 37 85 52 68 4 
23 50 9 42 13 24 40 83 45 29 71 64 41 34 37 44 41 49 13 41 
