82 62 49 46 94 68 81 72 30 39 86 10 24 86 30 53 21 76 80 89 
74 75 2 83 14 35 62 99 27 40 3 31 90 46 46 27 57 84 33 50 
2 34 68 60 23 82 61 63 17 75 13 58 31 3 6 61 39 48 39 41 
71 28 37 82 44 0 86 89 14 26 92 42 74 28 7 82 49 27 46 60 
8 19 92 14 85 52 76 14 55 52 30 15 30 5 72 19 69 2 39 37 
62 87 56 4 13 29 13 70 53 58 58 13 19 79 16 59 51 84 5 8 
71 91 96 91 77 11 62 0 54 50 58 4 12 37 72 91 63 27 45 66 
94 60 3 53 96 19 79 17 50 36 66 98 16 11 59 58 89 61 30 22 
11 56 33 72 71 12 57 5 41 19 8 82 34 50 56 17 81 64 28 54 
16 0 52 48 41 5 46 66 3 37 77 54 30 81 96 11 72 25 20 50 
6 9 70 69 32 21 65 53 3 21 69 72 67 68 27 32 22 66 15 74 
87 82 2 73 63 40 77 98 70 65 28 21 14 24 77 51 96 70 55 87 
91 26 22 35 37 51 19 40 12 65 20 22 63 54 77 94 67 39 29 8 
50 92 87 77 50 68 32 66 37 72 80 62 54 63 39 4 10 86 4 13 
90 10 20 64 44 12 93 23 22 8 40 2 6 48 6 6 94 88 4 71 
56 23 10 19 31 69 27 71 10 39 81 20 35 70 19 10 96 18 67 33 
74 90 30 81 46 59 90 33 27 18 40 73 58 74 61 92 40 73 82 16 
32 90 95 56 75 56 73 5 52 45 32 18 84 12 66 5 94 59 75 2 
79 68 33 53 48 82 8 13 3 59 84 95 42 62 45 34 70 19 25 99 
46 2 46 32 34 9 96 55 67 40 34 90 16 73 75 49 49 98 9 48 
