60 13 39 17 51 19 45 15 3 85 91 14 67 37 59 90 91 12 49 67 
7 87 98 28 88 30 82 82 60 32 84 53 50 98 99 67 36 92 59 54 
86 61 59 59 72 21 64 52 96 40 20 78 17 21 67 19 17 71 17 1 
7 46 43 94 45 83 91 94 96 55 95 69 24 71 58 20 40 92 5 38 
98 60 42 17 83 80 50 74 53 48 78 97 33 42 74 11 43 28 76 8 
8 95 48 20 72 43 68 56 74 60 63 11 78 64 48 68 81 13 86 70 
11 7 26 46 55 2 1 10 55 16 26 1 19 39 78 48 27 22 82 33 
89 2 88 83 9 35 95 11 7 80 31 0 10 61 75 10 3 89 40 63 
48 34 40 96 65 85 40 65 80 58 38 16 87 28 19 29 63 25 77 13 
55 48 15 41 84 14 48 92 7 36 76 3 53 94 76 16 65 64 72 93 
13 25 82 17 98 31 13 95 89 0 96 72 33 0 1 11 56 93 25 45 
95 62 7 98 61 63 75 87 60 50 94 33 74 1 84 52 97 41 15 52 
61 58 13 62 0 90 92 89 79 96 39 39 2 93 7 76 51 33 67 70 
72 97 96 93 99 64 37 74 21 2 17 80 71 5 31 81 47 12 52 37 
34 70 19 89 39 95 75 72 42 7 21 41 86 26 76 79 36 68 54 54 
74 68 48 40 83 30 64 48 64 93 59 21 76 22 22 52 41 54 12 71 
53 81 90 59 73 26 62 65 64 70 8 7 19 75 46 40 77 3 88 45 
5 9 8 73 30 42 35 58 38 16 18 21 81 70 85 45 28 0 31 99 
68 67 56 7 5 30 16 55 22 74 49 43 25 16 83 69 34 76 94 92 
54 38 26 60 16 19 22 26 97 41 15 37 99 8 29 94 76 77 54 68 
