78 73 79 20 70 95 41 47 32 45 70 85 15 28 76 10 92 1 84 72 
94 66 17 80 64 81 83 81 52 70 75 50 73 68 41 30 35 77 11 31 
14 3 82 82 53 57 23 69 72 96 76 60 56 87 78 76 9 50 12 89 
94 99 23 65 22 29 88 4 30 24 57 0 43 71 6 99 15 21 39 22 
15 10 68 58 72 31 45 98 9 43 45 40 62 33 7 79 26 84 2 91 
22 47 72 35 89 1 13 18 70 30 30 88 72 55 59 42 26 30 30 83 
52 60 14 22 25 52 52 8 24 10 1 16 5 1 91 53 89 91 89 29 
5 88 87 80 72 75 84 21 56 97 41 11 33 79 59 4 57 6 28 38 
16 69 18 45 25 84 9 6 78 13 50 26 96 33 79 24 8 78 47 59 
14 89 18 29 63 21 68 1 23 74 81 92 12 0 32 4 9 51 38 29 
38 45 7 25 17 2 69 51 63 76 44 73 29 14 1 20 97 1 50 83 
18 9 34 43 83 1 33 59 74 15 91 50 44 27 91 49 72 7 1 17 
1 94 8 48 50 1 94 62 79 19 97 32 63 7 68 2 96 46 77 56 
19 12 37 37 91 18 95 91 73 46 90 91 12 27 73 3 8 70 62 71 
38 43 13 89 73 43 98 89 10 58 29 64 7 65 15 81 1 62 16 82 
56 78 82 2 75 67 61 45 35 64 24 86 44 0 13 94 2 7 46 19 
72 12 98 14 84 55 1 95 82 8 4 1 20 54 95 51 73 24 68 52 
63 39 28 10 62 37 80 17 56 48 69 64 10 50 75 71 69 15 53 57 
32 16 56 44 66 43 92 96 16 99 10 7 12 50 91 90 2 3 65 88 
17 40 35 40 65 24 7 50 74 60 72 21 66 29 69 88 36 86 43 87 
