80 47 9 78 13 24 60 30 64 60 50 53 3 42 45 76 23 46 32 50 
9 8 57 70 6 0 93 1 7 41 30 11 9 0 25 67 39 88 95 43 
63 95 10 60 24 22 49 20 56 13 66 34 41 72 23 78 48 32 75 73 
73 84 14 53 13 46 72 50 96 53 93 39 34 19 41 88 98 8 73 31 
27 67 81 66 69 67 42 45 31 90 58 72 43 19 19 96 68 97 97 31 
69 50 22 84 96 69 96 52 0 87 92 97 3 41 78 33 21 75 88 70 
28 62 67 77 13 27 21 52 80 71 42 77 30 57 58 31 65 12 50 14 
92 43 53 27 87 24 27 50 50 36 42 58 3 0 49 12 72 55 70 98 
47 13 12 40 56 92 2 70 65 3 72 80 81 77 91 45 4 29 98 70 
89 14 64 54 63 70 44 39 99 75 96 90 34 6 94 9 55 90 76 98 
78 72 64 36 29 59 51 47 77 14 58 51 0 68 47 91 61 57 8 71 
59 76 66 73 67 71 22 44 68 44 36 59 4 52 87 74 21 13 57 79 
94 27 3 99 96 48 32 58 88 51 92 61 62 53 22 16 94 6 51 27 
15 64 10 10 84 33 48 78 22 85 50 40 27 95 76 31 91 77 87 23 
10 8 22 40 83 97 61 5 71 18 19 5 70 27 80 47 19 8 83 63 
67 31 69 36 50 35 21 20 90 7 53 70 71 85 13 42 7 4 91 29 
56 56 3 65 78 82 72 38 48 15 29 47 74 70 18 77 35 33 64 92 
54 96 70 19 50 51 67 61 41 74 88 67 78 35 12 13 70 41 4 98 
88 65 77 56 18 33 60 43 31 1 64 4 70 94 65 63 92 32 11 12 
78 28 76 61 60 3 19 36 82 65 33 10 26 87 58 34 60 89 4 78 
