29 52 42 27 57 82 98 14 19 2 85 74 85 72 86 11 91 77 74 8 
13 82 46 82 50 66 74 16 12 30 32 72 50 26 76 1 34 64 29 53 
23 4 26 68 36 54 20 10 85 93 55 18 5 33 25 85 87 40 53 14 
27 75 79 87 34 51 31 15 57 72 95 61 84 46 18 5 72 38 74 87 
74 68 69 88 96 63 88 44 47 19 16 42 15 79 23 19 9 68 88 70 
47 5 3 75 93 11 45 89 96 69 43 85 22 23 11 34 25 71 19 36 
7 94 89 99 65 44 11 12 17 16 38 72 87 43 82 81 3 31 66 80 
34 75 43 41 32 26 38 45 72 68 62 31 78 4 36 50 43 17 41 55 
15 50 73 0 5 96 25 41 81 29 34 20 90 45 34 68 65 7 94 37 
92 97 47 32 34 72 67 73 11 24 56 62 83 69 88 44 9 85 82 68 
32 3 17 79 44 34 76 37 1 52 40 5 23 14 70 50 25 16 85 25 
51 20 52 99 67 9 68 66 95 39 65 25 6 55 20 68 81 64 59 72 
35 25 23 43 13 50 17 76 3 10 20 60 68 85 91 13 66 38 94 86 
57 70 84 71 48 40 5 47 30 87 49 63 39 55 53 30 17 62 99 75 
72 14 5 7 50 32 91 40 39 88 42 3 63 48 98 56 78 37 53 21 
12 35 99 48 76 85 13 55 25 60 32 20 22 36 79 53 21 53 4 96 
54 84 38 43 74 73 96 79 75 74 82 57 88 81 82 60 83 73 2 57 
47 11 7 76 26 0 76 86 72 97 37 73 35 32 79 54 27 5 50 10 
5 73 46 47 84 59 18 84 25 24 41 77 22 38 25 92 13 21 94 13 
61 48 9 5 75 13 44 54 58 92 50 4 28 58 7 89 11 65 33 99 
