53 86 4 85 84 14 97 81 45 19 98 57 3 88 53 74 5 35 0 35 
17 43 61 1 20 35 10 11 84 42 84 16 62 31 36 56 30 50 29 37 
91 97 50 97 39 44 85 97 68 44 4 62 67 13 82 60 2 99 61 58 
39 14 71 55 63 1 46 0 84 35 2 26 67 30 59 28 36 80 2 12 
26 75 21 3 63 89 77 67 26 16 35 38 7 58 93 60 58 88 68 29 
48 95 19 19 53 87 22 16 68 89 17 66 27 34 7 92 83 56 64 32 
84 97 71 45 38 92 44 6 4 82 37 73 8 90 89 7 73 89 34 7 
31 33 43 33 94 10 9 15 48 62 95 49 91 22 74 76 29 90 17 85 
45 90 65 32 44 96 4 83 6 99 59 55 69 7 13 79 78 75 34 11 
23 71 57 13 40 18 14 88 37 74 54 88 66 97 32 46 30 31 72 22 
43 79 93 51 98 2 10 29 81 47 68 37 26 83 16 12 96 27 86 29 
36 66 55 2 85 65 83 85 70 17 91 4 67 90 88 34 68 37 85 38 
24 24 53 82 37 29 93 57 18 62 9 73 20 81 73 25 44 93 17 42 
45 33 31 15 71 50 73 9 2 88 86 97 22 99 40 31 63 43 65 12 
39 38 96 85 89 70 8 37 98 30 81 45 65 24 51 87 90 57 94 54 
7 77 71 40 92 74 24 93 74 95 89 69 80 97 76 10 5 54 57 90 
65 37 62 16 34 92 47 66 80 11 4 28 26 18 59 2 98 94 68 72 
4 78 39 11 23 51 66 40 25 42 41 96 76 79 10 30 6 56 54 74 
36 47 75 54 0 4 15 8 64 22 96 56 22 41 72 42 49 8 45 49 
31 74 78 79 1 66 10 52 13 54 75 69 18 73 80 62 93 45 99 85 
