6 30 82 10 16 70 28 90 11 89 34 54 8 47 48 46 58 97 32 53 
82 86 6 36 24 74 14 31 16 26 55 69 5 62 73 41 69 54 69 10 
26 71 89 25 26 19 82 7 16 18 37 78 44 88 70 10 65 47 72 24 
81 1 85 26 52 13 64 45 1 72 98 1 87 96 35 66 25 66 4 22 
24 85 40 90 50 0 67 66 4 61 27 76 46 47 73 29 24 37 79 64 
50 83 80 37 65 70 86 56 10 84 36 64 3 67 89 69 64 79 58 20 
48 29 76 94 46 86 54 56 73 50 90 43 70 65 71 35 30 6 7 79 
46 59 22 14 35 99 73 48 42 25 41 89 82 73 37 40 98 80 18 82 
14 0 13 21 36 44 65 24 57 98 30 90 75 49 16 93 7 63 49 78 
50 40 83 40 32 20 23 12 92 69 0 39 56 37 17 3 29 52 56 29 
41 56 50 20 45 40 78 57 58 68 67 29 95 24 65 93 92 23 42 0 
5 48 50 44 98 95 49 68 68 28 79 36 5 54 52 9 79 77 59 16 
25 20 75 15 48 45 78 82 73 77 93 79 4 31 42 41 32 44 29 4 
82 94 8 20 57 86 58 41 10 54 93 14 60 12 93 3 70 94 46 14 
27 8 12 60 80 54 78 48 69 38 40 26 9 52 24 34 45 52 56 73 
5 22 91 7 96 18 29 26 30 18 91 48 30 32 22 72 72 8 93 92 
97 93 48 10 88 70 80 15 82 24 13 16 76 5 15 61 66 38 46 49 
39 54 88 18 32 82 42 29 2 52 23 13 13 17 33 51 51 85 24 46 
21 60 65 94 32 98 69 67 79 32 21 55 7 81 51 69 43 44 84 13 
96 56 52 87 50 90 70 28 45 82 79 73 32 58 57 33 91 42 15 86 
