73 85 55 1 68 16 2 76 68 32 23 66 23 11 34 93 72 5 36 82 
40 0 71 84 38 85 98 58 81 64 1 23 45 94 82 26 78 3 42 53 
30 83 2 95 25 9 47 48 63 79 31 79 85 84 92 46 54 73 31 74 
71 16 26 1 24 35 73 47 26 39 74 53 2 14 79 13 27 87 46 90 
78 59 63 4 31 94 0 57 93 14 51 30 20 95 39 22 98 63 2 93 
14 6 28 6 30 94 97 85 34 88 99 1 84 20 11 57 98 6 93 78 
9 91 38 1 4 20 45 91 93 83 95 63 58 20 21 70 17 50 46 9 
84 75 46 15 67 71 8 65 75 33 91 94 5 19 17 38 98 84 8 46 
32 46 12 83 65 20 61 16 8 48 46 95 10 73 41 61 47 27 46 6 
68 8 53 46 54 33 16 43 36 51 56 40 73 74 64 79 92 81 32 24 
22 63 79 65 33 23 17 56 72 53 85 14 6 26 94 54 66 40 43 80 
39 88 36 31 49 51 63 28 58 66 28 80 2 94 98 10 99 96 48 76 
46 32 61 97 60 78 4 95 17 21 4 47 88 4 98 67 19 48 33 0 
46 99 52 13 55 64 7 98 2 92 67 51 94 22 27 90 24 46 53 12 
12 50 3 92 46 26 49 43 74 64 80 2 92 71 33 83 76 14 49 33 
17 17 95 28 67 24 83 21 9 21 31 55 98 87 55 18 17 42 95 31 
12 55 32 71 7 95 45 27 17 25 80 57 66 29 57 56 67 79 61 95 
80 33 86 95 81 5 27 48 64 28 76 46 85 68 3 39 38 38 89 75 
75 34 11 4 84 31 37 32 29 35 96 10 21 27 75 7 68 52 26 15 
43 24 38 27 32 71 84 76 75 35 6 30 1 22 34 79 74 34 10 50 
