14 43 40 8 1 0 20 16 4 53 53 67 97 31 79 82 85 99 7 16 
59 86 24 61 77 68 7 92 9 44 41 74 82 88 49 45 26 77 55 93 
91 80 31 88 13 98 98 25 73 10 18 66 43 82 34 82 56 73 29 9 
52 89 70 73 77 22 82 50 62 99 95 99 7 72 92 14 1 98 38 0 
82 75 71 49 26 75 0 12 11 86 80 73 81 41 55 48 81 56 64 0 
6 74 90 94 80 11 36 55 89 51 63 5 81 38 8 87 1 33 19 49 
92 16 61 6 64 63 60 17 15 56 92 32 80 27 67 69 58 81 36 56 
44 90 51 43 6 98 43 40 96 42 41 88 9 98 50 49 14 9 53 80 
16 19 37 31 33 81 51 3 27 65 66 87 79 74 1 68 64 4 87 78 
63 74 89 40 41 78 75 95 80 22 68 41 67 77 98 86 21 65 15 16 
77 84 51 88 7 48 70 79 62 33 84 1 80 79 11 46 89 24 59 52 
2 87 13 40 44 40 52 68 38 78 33 10 35 70 78 6 93 77 42 2 
93 79 53 19 48 33 81 91 68 52 93 22 38 23 92 68 15 56 61 13 
95 29 73 6 1 78 24 89 44 1 25 63 58 0 82 37 17 98 39 75 
22 86 19 18 21 65 11 71 26 57 90 95 13 76 63 10 4 73 76 76 
6 82 58 5 85 52 10 31 58 37 79 89 69 21 20 99 98 7 90 69 
11 14 28 39 78 94 29 25 82 60 60 49 61 5 39 61 54 23 39 90 
64 54 6 70 36 33 70 52 32 91 23 30 70 69 42 64 89 14 37 40 
87 23 31 98 62 23 20 87 30 14 99 58 44 71 21 19 82 37 36 21 
95 78 31 55 8 17 82 33 52 4 57 25 4 43 40 81 5 23 2 22 
