31 45 54 44 80 80 73 26 41 33 76 91 86 65 99 78 65 54 91 73 
16 13 30 14 11 74 8 8 5 85 58 55 14 89 42 68 15 5 44 89 
85 50 88 91 7 32 88 71 95 87 0 64 6 79 7 40 9 30 60 47 
51 14 71 17 41 98 35 1 9 36 23 82 95 10 17 8 34 8 82 28 
14 46 78 13 24 50 72 94 68 17 69 63 22 65 20 23 65 36 69 93 
63 15 39 48 81 20 3 14 90 10 8 64 15 79 18 61 71 54 46 11 
88 80 57 89 5 22 21 70 78 54 80 27 31 52 80 46 45 83 81 98 
21 6 84 70 35 92 55 11 36 37 68 96 74 53 19 40 60 43 34 28 
58 54 5 74 81 46 67 56 84 54 92 18 90 36 92 43 90 74 51 24 
95 36 28 82 35 38 63 12 9 41 53 15 3 8 78 1 8 99 24 62 
95 42 52 49 79 86 92 56 89 80 26 48 16 28 92 95 70 39 17 0 
26 54 57 9 33 19 96 70 81 31 24 61 1 71 1 65 7 79 67 10 
3 88 42 82 62 57 96 81 80 21 67 76 3 60 15 21 90 11 74 57 
16 94 49 38 59 75 48 21 36 16 38 52 26 61 71 86 90 30 55 12 
32 29 70 88 45 78 46 97 75 12 11 75 69 93 11 91 79 9 14 88 
56 32 62 3 55 73 77 98 96 83 27 68 26 2 49 81 97 63 28 89 
17 14 49 83 41 43 11 56 33 16 43 42 58 13 12 31 88 96 99 37 
17 91 52 95 55 62 87 51 96 81 92 47 28 15 3 90 25 47 24 83 
13 14 37 56 96 81 50 52 76 66 5 62 36 47 8 1 56 27 90 20 
7 22 62 40 50 84 99 76 74 39 16 53 38 48 78 7 46 38 27 24 
