47 83 77 51 86 48 47 51 68 8 43 23 2 37 86 54 25 56 24 39 
17 5 58 10 5 15 97 85 77 72 88 74 32 80 10 8 45 30 21 93 
79 32 74 17 39 31 36 55 26 57 97 74 86 31 63 27 96 30 61 49 
51 24 26 36 2 76 57 67 47 8 16 66 82 13 4 97 13 36 75 14 
92 72 66 88 11 96 36 77 51 91 11 49 74 84 21 72 23 62 73 20 
41 64 87 39 42 61 52 29 8 66 19 82 94 57 96 29 9 3 4 50 
94 85 53 9 3 29 41 79 25 83 31 81 66 76 31 98 56 18 43 41 
99 12 10 38 2 70 1 68 42 19 54 98 85 16 90 92 46 42 39 6 
71 25 35 27 45 81 64 65 23 32 89 73 74 64 42 3 59 80 41 58 
88 42 62 31 92 54 40 87 87 86 29 6 55 33 50 43 27 6 21 42 
53 72 7 86 86 47 55 28 77 96 67 28 93 11 74 60 90 43 50 91 
43 91 87 21 20 50 35 70 17 4 18 67 97 5 44 22 48 47 10 22 
42 93 49 10 85 25 27 92 25 73 82 49 23 95 26 43 64 35 9 69 
24 61 2 99 28 76 38 22 54 47 63 90 52 84 50 91 35 64 74 35 
17 40 13 45 39 37 46 50 67 69 4 13 74 63 72 27 84 81 27 95 
15 98 60 93 9 45 68 25 40 86 30 58 48 88 37 92 13 36 64 32 
68 51 61 0 91 10 26 43 70 65 2 32 66 98 15 18 36 35 9 1 
49 57 53 44 26 14 30 8 36 4 2 87 81 13 69 3 92 60 35 27 
63 50 41 74 12 7 91 36 34 60 90 29 84 90 57 26 2 67 2 55 
65 4 95 24 30 23 83 13 47 76 91 7 14 28 48 81 44 28 18 5 
