19 63 38 87 97 6 91 8 48 39 99 70 55 0 32 88 44 3 58 18 
49 73 72 42 9 61 71 37 72 94 27 75 19 0 31 13 83 78 3 8 
28 55 5 59 1 57 40 18 14 56 16 14 54 69 19 3 23 38 86 87 
35 78 52 81 73 69 99 62 0 52 77 26 26 2 5 30 31 57 93 49 
93 92 15 84 25 15 36 61 40 46 14 99 23 70 60 82 93 72 6 0 
33 88 12 73 78 66 40 60 66 17 92 19 25 87 27 98 85 38 74 35 
9 34 29 90 48 64 55 68 96 26 81 22 44 84 4 8 13 78 71 51 
12 66 20 92 71 69 56 41 91 85 97 35 42 30 44 92 72 23 15 80 
91 31 19 80 97 92 68 47 49 50 56 75 90 30 80 84 51 7 18 17 
0 76 17 36 78 45 54 49 79 38 21 29 53 12 78 28 42 26 90 25 
97 90 78 73 72 26 57 35 87 57 30 95 73 89 53 3 48 37 16 66 
9 76 35 58 5 35 60 82 77 47 58 42 38 19 43 80 75 35 4 57 
77 15 97 2 55 78 14 35 31 75 92 75 7 52 66 0 4 72 70 14 
58 91 40 80 65 74 12 34 98 0 85 23 51 5 56 57 98 51 39 1 
23 82 8 15 88 27 90 72 76 79 82 74 1 41 7 79 24 8 72 39 
17 73 58 62 93 13 27 93 74 95 19 98 27 5 99 24 90 28 29 42 
5 93 51 11 4 29 98 98 41 75 43 15 70 89 26 89 52 13 85 33 
51 47 59 16 79 49 91 59 94 53 22 2 35 34 85 10 98 19 13 21 
48 68 83 51 94 90 78 15 4 41 8 77 46 78 79 8 94 90 69 86 
51 77 37 61 82 93 8 39 28 0 14 19 0 53 12 65 57 71 87 23 
