66 33 58 6 33 63 29 36 67 16 74 44 0 83 15 21 43 58 7 87 
93 74 16 55 87 42 46 91 17 15 19 47 44 3 43 40 56 90 80 50 
32 59 98 4 21 12 88 93 97 94 73 64 98 8 65 33 79 89 81 9 
28 30 92 18 40 24 43 64 3 12 75 80 47 29 55 71 9 29 91 60 
86 87 78 17 23 19 15 64 23 54 98 18 25 44 60 29 12 27 52 39 
62 42 90 86 69 83 41 46 78 83 98 75 85 12 89 27 76 84 46 69 
85 38 93 10 60 23 2 7 70 84 46 97 79 93 30 78 0 8 48 41 
72 31 67 58 35 36 75 9 7 3 3 38 59 32 53 37 49 79 58 71 
8 90 40 18 33 70 67 26 42 40 10 6 81 7 31 95 69 99 25 72 
69 84 43 28 72 59 28 82 7 21 10 92 38 87 30 89 62 94 54 29 
5 94 33 25 73 96 17 65 40 99 37 12 86 12 91 96 10 99 50 13 
0 49 83 1 59 37 99 79 89 70 53 51 81 94 85 66 54 50 17 16 
9 93 58 92 79 78 67 69 59 74 5 2 64 3 99 27 37 27 11 3 
99 34 17 72 74 63 64 12 13 74 79 60 35 36 20 76 98 61 3 55 
26 17 95 67 98 42 17 15 26 51 46 80 33 56 96 82 96 54 17 24 
39 14 26 63 14 71 12 66 45 49 79 16 72 82 13 15 0 76 64 89 
48 19 95 87 84 31 13 60 69 77 52 50 51 19 55 83 88 21 17 90 
74 54 86 97 26 5 74 50 8 96 58 95 36 14 62 98 55 29 2 3 
47 37 74 14 38 53 26 60 69 26 3 16 64 35 97 87 62 95 24 43 
56 20 62 52 25 21 52 19 82 50 35 82 17 56 61 55 2 93 55 73 
