70 49 22 46 28 57 43 70 64 42 29 84 41 17 0 23 22 89 60 49 
45 27 88 19 83 63 7 9 15 33 71 71 61 7 64 52 78 17 27 44 
1 21 72 45 92 96 19 25 45 14 11 29 76 73 80 25 85 4 1 5 
43 84 33 29 25 26 35 17 55 34 16 61 88 77 71 98 40 47 86 99 
95 59 33 53 53 26 0 50 59 49 26 40 74 9 19 91 44 24 65 1 
23 65 94 38 1 36 39 23 35 50 78 2 30 26 35 59 81 16 39 57 
59 48 58 54 85 86 16 14 65 28 63 19 83 90 68 96 77 72 23 71 
86 13 88 19 27 50 62 50 98 0 36 33 3 16 71 68 69 28 33 0 
2 70 25 60 72 34 38 19 69 15 53 38 30 71 95 66 6 85 87 55 
60 34 10 84 60 93 44 28 71 60 54 28 31 74 42 13 81 24 68 15 
46 38 75 25 49 8 34 46 41 4 60 65 19 35 31 15 75 38 73 2 
99 33 34 86 51 94 59 77 64 39 57 97 64 42 54 15 4 47 18 22 
58 13 29 72 3 9 66 82 56 4 57 13 47 41 48 24 50 15 45 55 
41 94 34 87 99 40 31 46 87 35 44 12 39 23 93 12 46 32 69 36 
92 49 75 76 36 28 81 68 65 46 25 91 90 22 11 73 60 18 57 63 
89 32 91 74 82 79 56 24 43 10 96 30 36 30 61 11 97 95 92 90 
10 21 14 81 49 36 47 52 64 48 46 97 36 88 27 12 11 91 68 75 
41 31 94 27 58 28 82 87 33 86 38 50 3 88 16 25 83 36 53 26 
52 0 51 56 57 20 76 86 40 64 13 41 63 64 80 47 50 6 84 65 
95 81 93 0 94 66 68 81 93 73 79 7 90 49 93 19 56 41 4 48 
