33 3 92 82 96 11 62 84 66 80 52 13 87 21 45 42 43 62 62 69 
32 40 53 1 59 64 21 62 16 56 33 66 65 33 84 23 25 66 38 43 
69 58 82 95 45 0 0 76 6 13 92 89 82 0 98 21 69 0 32 20 
65 27 71 80 3 1 43 38 17 25 0 0 39 99 51 78 17 88 73 54 
48 33 74 5 26 85 61 46 56 26 57 83 60 64 64 95 61 81 39 72 
18 2 58 87 36 71 7 49 95 68 77 48 3 3 75 42 53 75 7 98 
68 22 79 93 30 79 66 96 13 36 80 27 18 44 23 14 43 20 67 3 
67 52 67 17 1 36 49 30 47 48 90 11 31 49 6 34 81 93 14 4 
66 30 68 33 21 20 45 49 79 65 92 54 29 58 60 88 60 43 64 24 
16 88 65 87 92 94 72 70 92 32 18 89 37 82 54 39 6 2 5 26 
51 28 50 51 47 38 22 80 31 43 58 77 84 2 97 69 52 81 79 69 
65 73 62 76 39 4 16 5 47 45 82 69 5 19 43 59 74 32 26 61 
60 42 22 4 73 47 47 23 30 73 18 13 50 97 54 23 66 79 16 29 
23 87 71 69 17 52 16 37 10 52 37 51 4 54 39 15 16 24 54 9 
83 88 25 78 55 58 45 66 18 28 81 53 73 55 16 5 17 95 73 49 
74 93 41 67 20 20 27 86 76 68 99 21 42 53 96 82 49 14 30 8 
15 3 71 70 4 32 91 22 90 24 4 43 7 16 68 92 82 81 39 57 
25 21 59 26 24 62 69 29 64 31 87 68 93 69 53 94 74 91 66 35 
18 2 88 57 56 69 16 86 73 38 72 90 93 68 62 39 20 77 32 4 
31 69 10 18 52 67 10 32 25 87 16 83 27 0 16 32 33 0 0 95 
