38 31 20 87 12 89 13 18 3 93 60 87 74 52 31 87 2 97 96 98 
57 87 85 70 98 16 95 66 13 57 58 28 70 46 41 60 13 74 7 71 
71 31 49 55 96 84 34 66 96 78 28 2 98 54 85 19 22 35 19 36 
70 60 25 39 44 38 97 93 77 24 76 20 57 77 14 64 12 2 24 65 
71 0 86 10 91 99 58 51 56 4 87 2 32 29 28 23 33 58 34 33 
84 62 80 94 42 30 24 88 14 29 46 77 86 36 9 38 36 30 96 5 
54 10 1 77 69 25 34 34 79 15 0 5 89 9 4 79 17 43 92 7 
1 78 89 97 86 50 7 98 94 93 23 47 40 33 6 48 20 83 73 87 
49 39 53 86 58 86 62 52 25 82 73 85 32 17 81 43 84 60 76 86 
92 71 79 3 56 58 30 25 5 67 0 15 8 84 57 82 4 6 23 38 
84 62 98 77 81 30 2 95 4 33 27 86 15 65 65 80 7 78 19 74 
66 57 21 13 85 4 52 4 92 51 76 72 75 13 12 55 18 83 77 57 
40 10 41 49 96 55 56 77 34 6 23 82 23 3 87 55 40 67 5 8 
30 1 7 31 29 68 66 72 32 44 85 13 74 72 0 79 77 27 84 7 
80 45 84 74 74 49 13 32 87 69 36 54 33 15 7 98 10 87 46 36 
52 12 66 48 42 17 97 95 67 74 71 42 3 86 95 59 70 64 18 82 
66 84 4 96 5 5 22 18 96 75 27 92 87 12 0 93 96 26 18 48 
68 88 55 22 44 14 68 6 65 71 62 55 16 55 40 32 24 9 64 84 
66 10 51 72 81 22 98 40 45 76 58 5 92 65 57 49 73 37 3 39 
41 14 34 14 23 24 37 19 78 41 34 67 64 39 33 54 79 12 29 75 
