52 30 81 8 57 95 0 82 47 25 57 40 95 7 24 7 81 96 96 7 
75 91 99 64 73 70 2 15 0 71 86 85 58 62 97 19 49 92 47 54 
70 81 83 84 68 59 81 65 90 82 29 59 85 26 45 35 85 44 13 64 
87 33 10 29 87 82 62 41 40 8 12 71 1 36 38 91 80 49 24 23 
29 40 17 1 39 18 99 34 2 59 0 16 58 53 42 68 36 90 81 37 
67 34 21 90 79 18 62 57 89 97 35 87 47 74 66 28 28 59 61 4 
61 47 2 65 3 77 87 80 15 76 35 57 38 93 2 96 5 94 41 96 
44 49 49 12 55 30 91 78 68 14 65 81 27 68 47 35 85 37 93 53 
94 84 71 43 95 72 99 99 60 11 96 84 32 55 66 91 17 22 77 26 
66 42 96 63 47 89 21 0 76 98 20 33 3 83 81 45 7 8 56 16 
2 37 88 82 21 73 59 39 86 25 82 13 21 95 70 23 4 63 20 38 
56 82 69 3 93 93 70 53 29 78 21 77 63 67 57 39 22 77 39 52 
42 69 15 56 98 16 11 77 72 37 26 40 18 8 66 97 80 67 51 13 
54 25 83 54 22 40 7 81 22 17 14 69 44 62 43 21 72 5 9 14 
65 70 29 75 89 55 28 75 69 24 31 6 47 36 96 37 0 22 78 98 
44 28 74 46 20 94 33 64 13 12 57 36 46 50 97 25 49 98 30 43 
40 23 83 19 63 16 12 45 70 42 28 31 54 83 34 73 85 51 22 23 
24 0 81 1 29 95 1 37 21 40 34 83 71 17 55 1 24 94 67 50 
40 2 17 93 75 91 78 35 9 94 88 52 87 62 67 71 7 91 22 0 
58 67 3 6 11 43 22 43 29 29 21 79 33 23 96 59 76 1 53 93 
