0 64 44 84 30 96 71 42 84 70 2 67 36 98 64 34 50 34 15 4 
45 84 30 96 28 76 74 6 14 45 34 20 97 50 71 69 6 63 36 43 
95 30 61 77 90 83 52 66 21 64 38 9 64 73 85 32 19 10 16 90 
50 71 37 27 56 0 43 57 57 57 85 88 6 91 47 12 47 46 14 92 
62 40 89 0 6 7 80 94 47 72 86 71 40 9 74 19 52 84 88 57 
99 27 39 66 38 24 18 24 54 36 94 77 89 78 80 34 54 80 54 87 
69 49 37 85 79 1 10 65 41 57 79 90 40 71 32 51 54 36 68 91 
25 86 21 12 10 81 6 44 79 9 58 52 35 69 97 88 45 98 40 12 
65 47 61 64 31 80 64 47 94 90 77 43 18 51 81 11 83 91 79 35 
52 10 55 88 71 30 88 29 70 65 11 94 88 44 65 20 63 76 81 56 
67 69 86 65 15 70 97 11 85 24 92 19 25 27 70 27 50 23 92 27 
33 81 82 1 34 5 56 87 50 61 3 37 88 28 63 50 34 27 17 38 
20 56 70 78 65 24 28 88 24 23 68 58 53 11 11 17 72 42 39 61 
69 58 13 19 90 34 11 70 22 92 11 78 29 90 5 46 16 49 64 52 
50 12 45 45 69 29 22 18 14 19 60 91 53 6 88 49 9 69 0 14 
11 7 66 32 78 68 91 49 80 99 12 6 88 22 67 57 32 82 84 50 
99 89 97 66 47 10 11 22 61 56 11 80 77 49 66 75 96 62 10 45 
18 9 11 4 38 76 90 20 59 66 67 9 2 70 24 95 10 19 83 66 
75 0 68 55 96 36 13 43 17 14 97 8 92 65 91 30 13 89 81 74 
26 61 39 55 60 15 13 54 10 8 31 11 26 21 60 33 69 76 91 29 
