80 67 90 26 87 87 47 17 56 74 65 64 73 63 1 38 43 77 62 77 
37 91 74 4 36 20 75 85 25 84 69 67 67 90 39 46 72 49 77 33 
30 67 27 7 89 69 79 85 88 14 60 16 43 87 25 72 43 50 44 60 
43 46 17 98 39 21 76 22 17 3 41 47 40 66 5 21 81 32 39 88 
62 50 68 24 29 15 12 41 89 80 70 27 78 40 30 34 82 84 89 40 
11 1 64 53 61 45 9 85 19 20 58 9 14 42 94 69 99 56 0 87 
62 61 17 79 15 19 50 39 14 63 43 35 10 53 46 56 68 65 76 59 
40 2 54 40 63 73 51 60 15 4 49 26 3 95 96 1 94 87 0 42 
70 86 87 54 33 1 86 46 52 98 10 35 23 12 56 69 6 63 38 0 
43 66 83 20 78 66 84 33 21 55 20 24 25 17 12 70 39 16 61 6 
33 78 42 88 2 36 79 48 33 75 92 8 56 93 20 43 29 49 54 67 
48 67 42 81 11 84 46 16 20 19 92 55 89 96 13 67 76 3 85 1 
94 85 11 59 60 84 5 42 98 71 75 54 71 96 26 20 40 23 92 91 
77 92 68 5 20 89 29 56 90 64 69 98 74 88 63 84 26 13 72 6 
26 83 28 66 48 52 83 47 1 39 42 85 62 62 52 81 80 95 80 16 
60 69 26 36 75 16 59 2 7 83 32 71 30 39 89 14 71 47 61 33 
36 53 15 2 14 59 74 19 30 13 28 3 40 42 27 42 37 60 0 44 
82 86 35 14 61 90 11 60 64 12 85 85 77 27 54 47 67 12 13 95 
43 41 93 65 81 36 27 67 71 49 82 20 18 69 77 44 67 31 45 96 
70 7 62 49 74 64 19 26 84 89 2 80 53 53 49 39 72 81 9 38 
