44 85 84 28 23 3 85 45 39 58 95 11 34 82 5 94 13 33 68 92 
3 16 7 27 89 82 60 3 10 97 46 7 76 23 97 28 90 18 87 85 
30 43 36 76 63 95 3 88 69 16 76 37 70 46 94 99 79 56 88 28 
10 97 15 92 82 61 47 83 86 19 41 70 67 42 81 31 29 60 91 23 
82 13 52 73 73 44 0 47 23 1 23 54 47 87 95 57 26 33 94 63 
37 75 70 28 27 30 34 91 76 40 1 16 32 22 58 41 67 14 19 50 
96 7 4 30 21 83 0 90 93 46 93 69 87 78 80 4 65 56 75 53 
54 49 12 23 37 44 75 14 32 67 74 88 94 94 1 85 56 51 14 84 
93 80 9 93 98 90 60 14 48 30 48 23 40 22 77 83 62 18 22 36 
90 37 98 45 85 31 35 66 50 46 90 3 34 43 34 19 55 92 24 39 
78 34 47 2 82 0 96 64 10 52 30 20 16 21 80 82 7 80 33 70 
40 6 59 12 41 40 88 93 95 15 77 72 61 9 90 2 78 97 46 42 
4 31 58 2 20 98 37 38 44 8 7 60 73 44 76 16 39 99 10 28 
35 79 20 81 33 28 51 90 5 44 56 37 44 46 12 14 75 36 84 18 
95 31 31 72 68 18 2 76 61 71 80 54 47 68 7 51 7 80 69 32 
23 87 47 8 37 81 39 28 43 66 24 28 71 7 38 8 60 64 27 12 
34 80 71 36 51 42 25 24 88 19 65 92 39 27 55 33 43 61 48 14 
5 91 5 80 66 81 16 72 15 36 93 47 12 61 66 97 81 92 69 71 
20 55 12 22 7 36 77 44 4 2 24 90 3 37 95 4 91 42 33 17 
46 46 86 62 49 55 56 94 35 84 30 2 6 55 75 9 69 55 72 64 
