67 49 46 77 86 87 23 21 74 15 24 87 26 51 20 63 75 62 38 66 
10 9 9 6 63 5 54 99 54 61 85 44 11 8 35 18 65 82 82 98 
45 71 96 64 72 80 88 0 74 80 21 63 18 84 9 15 26 43 77 36 
39 61 74 58 29 94 5 90 22 85 4 30 99 33 73 59 90 5 43 73 
23 71 33 85 64 60 7 13 86 24 60 75 24 80 9 29 83 80 56 21 
99 86 66 40 11 35 9 34 2 1 52 13 60 17 52 43 93 76 2 45 
82 62 15 13 55 42 55 94 22 40 99 48 24 3 31 92 58 70 7 9 
55 70 85 17 75 61 0 18 20 3 85 40 64 99 6 17 2 43 47 29 
59 36 30 59 25 53 67 70 90 40 35 69 86 45 86 76 0 47 65 60 
17 89 21 31 90 34 69 72 45 30 49 64 24 39 78 53 27 81 69 3 
64 61 25 95 54 96 36 39 32 96 14 41 97 77 30 44 45 39 25 32 
26 20 99 95 9 62 99 2 42 53 45 5 41 96 28 58 29 38 4 51 
1 22 84 47 49 86 99 76 5 93 80 78 1 37 38 61 76 25 61 70 
54 38 76 28 72 16 57 51 51 75 86 57 67 29 48 34 76 29 90 35 
12 95 43 17 52 40 80 89 74 86 38 67 42 68 3 32 86 94 21 6 
66 52 31 23 84 58 64 78 28 60 86 29 53 39 42 19 18 13 67 49 
46 7 26 8 25 23 46 54 95 19 99 40 82 61 89 86 22 23 66 92 
73 0 50 28 63 8 16 54 70 63 37 56 9 28 15 96 14 22 62 23 
12 88 52 50 4 99 92 68 65 46 38 95 49 56 47 21 27 38 70 91 
30 43 60 67 54 99 4 70 56 85 46 40 13 70 5 16 76 31 37 50 
