30 51 57 84 5 90 84 63 72 40 74 59 34 49 30 12 97 12 78 24 
10 51 56 8 88 78 62 26 52 23 22 11 45 93 21 97 79 45 2 60 
44 99 0 88 45 95 8 50 21 88 85 26 42 45 75 43 53 63 13 28 
86 31 72 50 19 69 34 98 73 16 62 57 28 92 56 86 44 70 66 44 
51 40 41 45 28 48 89 13 48 96 57 96 77 66 80 49 84 40 60 18 
71 91 58 33 98 13 58 58 4 22 78 73 22 6 42 61 51 42 14 85 
3 63 29 94 37 4 35 8 55 66 30 90 7 21 10 35 82 63 41 39 
31 24 55 95 98 23 57 48 22 86 83 62 36 64 93 24 24 40 57 8 
67 37 35 73 25 6 29 26 20 80 3 81 60 82 68 77 82 76 30 36 
70 2 40 57 93 37 56 30 2 52 94 38 82 37 11 66 36 91 59 16 
72 30 44 86 97 79 47 44 39 1 27 8 2 62 16 31 5 50 32 13 
84 76 97 1 43 20 74 38 92 33 46 53 57 64 68 49 31 27 43 37 
95 42 81 26 51 12 10 76 33 98 95 36 95 67 21 82 86 66 98 76 
97 49 7 66 95 77 43 93 11 87 78 81 33 22 24 27 6 25 93 60 
38 11 61 77 5 72 68 53 63 78 9 96 45 37 84 4 84 83 15 14 
70 37 47 22 75 5 4 15 77 73 30 52 36 97 56 70 64 85 4 74 
25 67 57 64 61 63 54 48 54 75 49 28 7 85 93 49 47 21 70 23 
8 13 7 51 76 86 93 37 45 24 31 3 7 23 44 32 71 17 45 84 
34 67 89 65 86 18 29 34 31 48 5 86 4 9 13 71 53 94 68 57 
53 94 28 97 72 13 85 77 4 50 30 78 91 1 92 92 12 1 23 69 
