39 0 7 16 21 0 64 99 39 83 20 84 74 58 59 67 38 75 84 48 
94 59 73 89 36 33 14 8 2 9 86 67 59 30 79 44 74 29 50 27 
38 25 13 42 36 17 12 45 15 36 83 31 27 31 25 5 87 9 95 72 
41 41 44 19 80 10 24 81 3 48 5 37 8 39 31 43 81 29 13 72 
44 2 89 25 21 59 32 61 55 64 5 26 22 86 63 87 57 34 60 5 
14 34 40 62 40 71 48 21 53 85 35 37 94 20 14 39 42 87 98 5 
45 47 41 52 78 87 35 69 69 22 77 53 64 99 95 81 52 43 88 13 
1 75 89 76 16 66 42 16 40 71 66 42 22 45 3 17 53 39 65 45 
10 40 98 96 13 95 41 16 81 93 21 70 91 41 98 2 85 43 59 10 
99 55 36 49 33 45 36 31 63 12 29 38 27 57 29 76 60 47 55 93 
20 73 90 93 75 15 98 12 3 66 8 59 77 47 49 16 15 73 60 89 
33 80 45 81 34 2 22 88 34 99 0 73 21 31 88 27 42 56 61 89 
13 21 44 20 97 59 23 20 95 60 0 10 73 80 0 73 13 13 31 44 
94 67 22 37 24 92 62 63 42 58 51 30 68 56 87 48 2 1 21 39 
89 48 39 22 45 53 43 89 22 25 45 12 0 74 68 97 50 44 5 35 
12 91 72 19 95 90 59 35 17 59 70 53 34 13 61 17 68 95 3 64 
48 29 59 30 53 78 13 72 60 56 78 73 42 60 10 56 60 72 58 31 
63 60 6 26 89 12 72 45 72 13 91 45 71 60 93 18 36 0 82 25 
74 3 5 3 79 48 64 69 91 0 81 4 50 99 6 49 60 10 66 56 
75 25 5 10 35 94 20 17 41 67 15 72 94 93 55 51 70 45 22 28 
