60 74 10 14 99 59 83 72 67 90 62 68 38 73 83 80 99 88 85 85 
68 4 52 65 97 6 46 89 87 1 74 56 91 22 23 3 27 35 83 95 
74 40 11 82 73 6 92 66 63 85 48 81 82 37 3 37 98 31 24 1 
10 91 81 72 66 89 72 42 32 99 55 88 40 28 86 79 85 65 91 48 
58 67 92 25 26 82 31 29 23 90 19 99 20 38 28 20 2 51 90 42 
40 96 20 6 99 84 84 26 64 99 52 73 46 64 47 87 53 73 87 51 
10 0 65 30 58 52 33 60 19 44 99 34 13 4 55 68 97 72 25 98 
83 37 77 4 66 81 95 99 76 91 13 79 0 13 36 68 66 86 39 17 
97 89 43 55 69 67 66 5 59 82 30 51 52 41 45 30 36 11 66 8 
66 33 88 60 38 65 57 91 15 21 45 88 76 61 67 34 52 75 24 93 
92 14 17 57 75 37 61 94 33 66 50 51 37 25 44 56 69 89 97 49 
43 11 22 71 2 6 76 79 39 99 87 95 32 96 54 63 44 95 81 1 
64 98 14 12 36 54 38 53 58 94 53 56 88 39 34 93 78 18 15 70 
31 13 26 54 89 19 9 88 7 46 87 26 36 23 46 51 65 32 71 63 
20 3 64 18 92 85 39 0 86 52 81 99 71 87 42 14 81 31 49 59 
80 5 41 40 60 9 18 11 21 13 99 98 47 8 47 15 53 95 11 42 
53 71 5 95 68 31 0 79 54 68 60 43 93 82 86 5 85 98 75 57 
24 47 37 60 34 27 42 30 79 69 24 76 73 91 91 69 85 35 44 28 
9 78 47 45 14 69 55 44 80 90 12 96 33 96 64 55 19 61 80 96 
33 80 99 71 21 89 27 94 67 29 56 57 19 41 91 96 83 83 69 95 
