83 34 94 32 67 51 42 61 51 4 18 48 50 1 60 35 54 19 77 82 
18 23 86 26 24 72 76 35 70 4 73 53 51 39 42 62 64 86 81 45 
79 92 12 35 41 52 75 49 37 14 92 13 27 90 65 96 13 19 22 49 
96 27 40 94 93 47 19 50 52 70 21 97 36 88 15 29 99 77 36 63 
49 83 58 38 90 26 10 42 53 40 26 65 24 65 63 68 40 63 60 91 
46 70 81 44 42 84 41 74 33 51 23 81 14 15 24 37 6 38 53 75 
6 62 81 87 68 45 12 54 35 65 14 18 14 64 87 56 81 97 39 87 
20 51 23 51 81 55 46 57 78 20 44 89 28 4 4 41 9 86 10 57 
64 58 49 12 89 25 56 65 35 46 90 75 48 36 50 65 7 86 64 79 
45 66 35 6 25 1 39 65 20 63 43 32 28 7 98 6 26 80 60 73 
95 80 17 1 12 58 58 32 48 34 11 58 35 9 54 64 57 26 23 88 
85 52 65 22 62 66 52 59 35 49 0 14 92 90 27 41 73 17 14 30 
75 53 58 30 40 29 7 50 68 99 10 84 41 86 79 67 65 29 80 53 
73 88 77 24 36 52 6 14 7 41 27 98 23 17 36 99 56 90 33 35 
62 15 28 47 5 78 54 46 30 45 31 73 60 71 13 70 35 47 17 81 
81 58 64 8 89 92 62 36 84 52 96 73 71 94 19 97 34 77 88 38 
8 9 9 15 13 97 60 2 93 50 26 72 33 9 24 22 98 12 15 88 
27 96 83 48 9 95 7 94 12 77 34 49 60 17 68 95 24 6 97 24 
12 46 60 34 16 5 5 48 40 33 50 5 11 56 42 62 44 43 48 55 
54 14 3 76 59 67 47 71 89 10 26 23 91 33 30 79 26 2 67 8 
